3222184
4231345
5612398
3128732
4731824
5862739
4382197
3928471
2817362
5419823
3790214
4026739
5749831
3285647
4123985
2934817
4719264
5631879
3128475
4893720
4729301
5236784
3128659
5012378
5348192
4712893
3102856
4237194
5871032
3847591
4025617
5612834
3127465
4790216
3895127
4957263
3029871
3842165
5168374
4927318
4728593
3592184
4128365
5237904
4962385
5012837
5738942
3218963
3849715
4926317
4720843
5269371
3104239
4538719
3842057
5219834
4795623
5637281
3129867
4896142
4719053
5093182
4126379
3219658
3942731
4025176
5638274
3127845
4930287
5129364
4781926
3896432
5648720
4730298
3019485
3894716
4748201
5027813
5732648
4297815
5619832
3104297
4031258
4893627
5037184
5219348
4732619
5890736
3846425
4926819
5123847
3846091
3896742
5627310
4103287
4932167
3278904
4730278
3891536
4793205
4109836
5246839
3904821
5037198
3127485
4729154
3859312
4916820
5623791
4102678
3847259
5116378
5631287
4105693
5278301
3892145
4927610
4312794
5102839
5231876
4892356
3729184
4215387
4730293
4025619
4876320